0.196722
0.158802
0.156557
0.158821
0.147536
0.135008
0.133219
0.135210
0.133832
0.134782
0.134197
0.134588
0.132647
0.134671
0.134621
0.134816
0.133088
0.134182
0.133874
0.136747
0.134730
0.134541
0.132904
0.135195
0.133773
0.134751
0.136199
0.139125
0.200922
0.158165
0.161984
0.159699
0.154532
0.139708
0.140700
0.137640
0.138194
0.137165
0.141154
0.137844
0.140081
0.138744
0.138396
0.139379
0.138890
0.137552
0.139712
0.139263
0.140649
0.137632
0.140476
0.137346
0.140859
0.140228
0.139476
0.138917
0.140235
0.140146
0.138456
0.136550
0.139999
0.137834
0.141372
0.139785
0.138753
0.137853
0.139203
0.137266
0.139579
0.137264
0.138881
0.135661
0.139292
0.138851
0.138453
0.134818
0.137622
0.135685
0.137408
0.137978
0.137873
0.137238
0.138834
0.136504
0.138646
0.137546
0.138233
0.137646
0.138270
0.138948
0.139553
0.138255
0.140014
0.138939
0.138480
0.135714
0.139552
0.138716
0.138612
0.136243
