4.485158
4.345840
4.358838
4.389902
4.419808
4.403125
4.395091
4.403674
4.414206
4.309016
4.350312
4.363820
4.366445
4.394357
4.416902
4.405261
4.402173
4.413086
4.406435
4.317876
4.353119
4.367154
4.376499
4.411412
4.411060
4.408604
4.401115
4.409223
4.375205
4.336531
4.356848
4.373346
4.386757
4.411438
4.406226
4.411838
4.401426
4.400823
4.347579
4.342793
4.354270
4.375397
4.404368
4.694435
4.401527
4.402976
4.417461
4.400448
4.221016
4.401663
4.299889
4.292824
4.298348
4.326032
4.344699
4.306738
4.293602
4.291016
4.285342
4.290386
4.290031
4.299515
4.305371
4.295679
4.274119
4.280640
4.280923
4.296665
4.312674
4.327832
4.362958
4.334395
4.409556
4.478802
4.474860
4.471124
4.354272
4.258425
4.452355
4.335713
4.303346
4.322047
4.324319
4.370372
4.396875
4.417691
4.419866
4.412012
4.429149
4.371975
4.309120
4.321939
4.329847
4.360149
4.387441
4.431333
4.411618
4.442078
4.420698
4.421774
