244.126854
242.474178
240.714263
240.773539
240.731368
241.435787
241.343473
240.871709
241.054286
240.791965
241.081079
241.124139
240.895147
240.790855
241.190572
240.811686
241.033677
240.513155
240.767703
240.691129
240.442025
238.501777
234.453774
234.574590
234.463572
234.409874
234.942432
234.800777
235.203319
234.591023
234.514585
234.831831
234.963622
226.067879
223.612366
223.932369
223.840373
223.776329
223.639303
223.737031
223.268230
222.954899
223.139736
223.172700
223.355031
223.523952
222.842737
223.261283
223.537902
223.035403
223.570314
223.450440
222.988446
223.001091
223.095049
223.405903
223.516494
223.187565
223.386121
223.230186
223.436674
223.445553
222.991686
223.477004
223.849513
223.352127
223.530916
222.883051
223.410717
222.725342
216.589534
214.383250
214.618277
214.645322
214.623227
214.598388
214.696217
214.644811
214.450118
214.418063
214.720155
214.846784
214.478472
214.619400
214.346758
214.447771
214.362450
214.395203
214.596551
214.534101
214.437105
214.697013
214.463909
214.339803
214.272856
214.329868
214.584260
214.409505
214.196653
214.341800
