13930.339760
0.026908
0.006904
0.006631
0.006913
0.006823
0.006944
0.006622
0.006863
0.006807
0.006932
0.006798
0.006790
0.006850
0.006779
0.006858
0.006788
0.006841
0.006890
0.006925
0.006831
0.006777
0.006916
0.016875
0.006535
0.006459
0.006563
0.006292
0.006703
0.006734
0.006689
0.006570
0.006722
0.010603
0.009766
0.014329
0.013626
0.012559
0.011572
0.010902
0.010166
0.009459
0.009187
0.008807
0.008350
0.008398
0.007753
0.007415
0.006948
0.006602
0.006375
0.006685
0.006818
0.006691
0.006723
0.006621
0.006662
0.006376
0.006670
0.006896
0.006718
0.006766
0.006726
0.006706
0.006458
0.006468
0.006617
0.006732
0.006629
0.006627
0.007249
0.006835
0.006806
0.006763
0.006676
0.006779
0.006755
0.006834
0.006898
0.006681
0.006647
0.006839
0.006807
0.006538
0.006606
0.006582
0.006596
0.006555
0.006798
0.006665
0.006649
0.006703
0.006664
0.006976
0.006780
0.006819
0.006981
0.008132
0.007966
0.007773
