57.810064
0.008268
0.006372
0.006324
0.006265
0.013834
0.012678
0.011586
0.010868
0.010257
0.009808
0.009318
0.009014
0.008620
0.008339
0.008032
0.007534
0.007489
0.007428
0.007463
0.007411
0.007143
0.007970
0.007242
0.007339
0.007514
0.007533
0.007339
0.007339
0.007498
0.007406
0.007303
0.007413
0.007501
0.007540
0.007507
0.007491
0.007542
0.007507
0.007515
0.007483
0.007473
0.007450
0.007461
0.007429
0.007454
0.007442
0.007579
0.007403
0.007479
0.007516
0.007291
0.007524
0.007496
0.007508
0.007462
0.007423
0.007450
0.007446
0.007396
0.007576
0.007600
0.007503
0.007433
0.007361
0.007450
0.007451
0.007451
0.007399
0.007439
0.007445
0.007448
0.007597
0.007525
0.007308
0.007465
0.007500
0.007492
0.007473
0.007433
0.007441
0.007408
0.007440
0.007445
0.007410
0.007448
0.007429
0.007427
0.007411
0.007417
0.007432
0.007443
0.006781
0.006217
0.006270
0.006268
0.006239
0.006285
0.006429
0.006189
