0.193977
0.155592
0.153267
0.155436
0.148243
0.136080
0.136005
0.137197
0.133922
0.136072
0.133409
0.136042
0.135726
0.138131
0.135819
0.137480
0.135671
0.137867
0.135499
0.138733
0.136264
0.138124
0.135976
0.139621
0.138145
0.139824
0.135166
0.136947
0.134673
0.137085
0.134684
0.138218
0.134240
0.134683
0.131205
0.134947
0.132737
0.181811
0.157511
0.155664
0.154105
0.179618
0.156901
0.159882
0.140612
0.139392
0.136867
0.141311
0.137798
0.143213
0.136705
0.138907
0.137123
0.140885
0.137116
0.139600
0.136607
0.138671
0.138601
0.138516
0.138061
0.139223
0.137805
0.138896
0.137560
0.138365
0.137798
0.140000
0.135801
0.136745
0.135302
0.136495
0.133653
0.139389
0.134349
0.136948
0.134941
0.135942
0.134870
0.136882
0.134372
0.135948
0.134574
0.136863
0.135931
0.137554
0.135552
0.137765
0.136756
0.138004
0.137268
0.140705
0.135554
0.138357
0.136659
0.139090
0.134871
0.138051
0.135884
0.137309
