67.780657
67.280596
67.009592
66.967844
66.814902
66.819976
67.407862
66.995551
66.576770
66.450282
66.423373
66.880702
66.546894
66.436887
66.381997
66.553479
67.230859
66.510615
67.133859
66.428283
66.508167
66.573541
66.007473
65.978819
66.041315
65.839365
65.862040
66.008247
66.123281
66.037354
65.998856
65.965203
65.984414
65.989414
65.812327
65.959674
66.024452
66.103956
66.013347
65.968605
66.260059
65.898750
65.916801
66.010994
67.063819
70.191361
69.477604
69.606382
68.819755
68.125717
67.103485
66.775362
66.530641
66.839104
66.175878
69.518492
70.080063
70.437261
69.077539
69.573246
68.079436
67.212969
67.003284
66.441427
66.905648
66.917234
68.352940
69.358947
69.816564
69.007800
69.411601
68.343233
66.829365
66.872984
66.368212
66.488579
66.849329
70.610545
69.665809
69.360168
68.005177
68.781528
67.158859
65.838651
65.826570
65.880628
65.699949
67.251833
68.902901
69.924890
68.641393
67.991240
66.660870
65.883552
66.017597
65.882454
65.833873
67.342067
68.106384
68.734530
