0.253000
0.008168
0.008142
0.008080
0.007696
0.010591
0.010227
0.009516
0.009076
0.007740
0.007690
0.007616
0.007677
0.007735
0.007596
0.007489
0.007776
0.007747
0.007946
0.007666
0.008037
0.007637
0.007654
0.007578
0.007939
0.009321
0.007938
0.007689
0.007673
0.007720
0.007639
0.007649
0.007651
0.007593
0.007724
0.007671
0.007687
0.007596
0.007607
0.007851
0.007519
0.007599
0.007575
0.007751
0.007508
0.007647
0.007596
0.007787
0.009786
0.007917
0.007690
0.007747
0.007485
0.007677
0.007773
0.007720
0.007698
0.007710
0.007641
0.007767
0.007710
0.007768
0.007498
0.007692
0.007482
0.007667
0.007703
0.007691
0.007672
0.007756
0.007709
0.009863
0.007625
0.007671
0.007320
0.006623
0.006603
0.006658
0.006769
0.006614
0.006662
0.006379
0.006603
0.006735
0.006619
0.006645
0.006704
0.006640
0.006647
0.006714
0.006652
0.006380
0.006924
0.006406
0.006605
0.006591
0.006587
0.006722
0.007888
0.006757
