386.878250
386.171921
418.517275
385.931998
585.448771
741.367674
741.975021
742.527212
742.800864
400.045619
385.407904
385.394861
385.232598
385.684242
383.626498
384.294937
383.629405
385.711751
655.046585
742.602818
742.371215
481.145095
626.371576
761.350734
506.812873
392.034649
391.712995
391.797031
391.989857
391.486010
391.560011
391.795290
391.639363
690.970524
761.643809
761.743499
398.968433
391.392546
590.215124
389.803453
388.625187
485.254205
761.567400
737.519076
587.914555
391.558552
391.176508
391.575624
391.538892
391.847672
391.538169
389.194650
391.879796
389.612553
391.050008
391.258349
386.541399
388.982287
332.857129
317.511902
317.433170
317.206192
317.469604
317.404200
317.520454
317.399033
317.481467
317.563564
317.654701
317.604193
317.457622
317.355854
317.543864
317.904593
320.282584
317.671200
317.858398
320.005913
317.776713
317.848918
319.964931
317.712299
317.749425
320.016420
317.792755
317.791648
317.536774
317.587902
319.845619
317.864264
318.046779
320.010191
317.839888
317.830109
317.999783
320.023169
317.745711
317.836826
319.888243
317.712000
317.899517
319.953801
317.695906
318.099397
319.922043
318.140162
317.913247
320.032076
317.848153
317.882066
320.216678
318.098342
317.594391
317.912884
317.582769
320.162169
317.741383
317.904031
320.047734
317.711394
329.958383
