0.275448
0.241959
0.240798
0.210746
0.210632
0.209844
0.210540
0.207850
0.208749
0.210861
0.208447
0.209601
0.209439
0.209401
0.207905
0.211216
0.208643
0.210867
0.209511
0.209869
0.209173
0.211220
0.209159
0.211073
0.210155
0.212207
0.208424
0.209121
0.206857
0.207030
0.209077
0.208930
0.209885
0.208840
0.205889
0.204994
0.207630
0.206809
0.206210
0.205561
0.205636
0.205041
0.207804
0.206276
0.205006
0.206940
0.207172
0.206748
0.205186
0.206711
0.206738
0.207039
0.206405
0.206244
0.205633
0.207019
0.205133
0.205732
0.205987
0.205816
0.206868
0.205395
0.206151
0.210044
0.209061
0.209778
0.208767
0.209805
0.208408
0.209001
0.208094
0.208407
0.209124
0.207753
0.209680
0.208072
0.210469
0.208264
0.208806
0.208817
0.207910
0.208801
0.208047
0.209238
0.207577
0.210459
0.208015
0.210490
0.207548
0.208997
0.208896
0.210293
0.208134
0.207353
0.209827
0.282300
0.241455
0.242113
0.212414
0.208411
